6000 6000
5116 3080
1392 4121
5275 1830
5507 377
4036 2359
5147 4131
5376 4809
5897 1406
4963 855
271 3404
3360 4254
4478 3728
3763 1749
3656 3561
2047 3947
1417 1162
1378 2808
5635 1005
4989 5141
1381 3024
1499 527
1154 874
5335 1403
2279 4650
2609 2901
2405 5969
1154 883
3696 4917
2983 1351
2477 5029
5649 3893
543 1378
1052 177
2382 40
5317 4114
3415 1167
4641 4921
2040 4327
675 4670
2976 3283
1570 5733
3251 2724
615 1298
1992 3949
2648 4820
2977 2648
3064 3871
4026 4115
4399 759
4506 4067
4873 1920
5233 3865
1192 1624
2191 1866
293 5519
5149 1863
5251 2751
4938 5865
4049 929
3813 1048
5748 1141
4048 2811
5364 2425
1277 3762
3183 5782
1829 2407
2053 1413
271 3245
3037 2462
5462 3681
1980 4610
5543 1582
1713 4832
1798 113
5760 5610
1160 5859
1102 5559
2669 465
1983 4297
4579 5518
4078 759
1924 483
2171 2195
4079 5559
5008 3540
3240 1339
2502 3134
2920 4214
1966 4717
4326 2077
4678 5837
1936 5779
5396 4956
596 1378
3253 5526
895 1682
636 2819
2164 2806
5365 594
2717 4372
4134 5956
5710 635
3089 2629
4848 5406
1697 3525
1483 374
3361 3770
504 2756
2725 1099
4134 329
976 5380
2011 1611
2550 4526
4769 1914
5120 1485
285 3605
1792 346
4591 5232
3326 3790
4638 5022
1314 472
5395 4674
4241 5899
1782 965
1349 267
1294 2677
5646 3656
4287 2196
2181 3055
4461 1652
4891 5098
5608 682
5443 4198
5914 2769
1987 4903
2142 3300
5374 1537
2326 3614
1787 4107
4930 3487
4725 575
163 4370
4230 4802
917 763
1856 5378
2766 1099
4475 2374
1780 4269
923 2045
1389 2910
947 3531
561 672
5419 2886
4637 1557
1344 3567
5043 68
4493 5558
4790 3075
4359 5706
4189 566
5435 954
1664 3909
3679 3796
2530 4602
192 3918
1863 1491
1448 2423
2162 866
5661 799
2774 1004
4717 1817
1424 3561
1374 213
635 84
270 4823
649 5705
129 2665
3965 4159
460 846
3112 1003
4764 4974
2493 211
1749 4655
1429 1409
5805 4202
2764 4873
370 4187
2785 2095
4751 3420
2178 5021
2594 3179
5077 3074
5843 3393
1585 654
4239 4696
1656 3002
4022 4149
3564 5770
3155 5344
1178 3311
3898 4293
2535 4267
2480 5319
714 1582
3090 3243
602 36
421 30
3109 615
3775 5045
1620 2013
3741 3276
5366 2114
1776 3281
1883 5282
2625 3412
2592 522
1704 5126
5140 4535
4796 205
117 1886
3448 718
1921 4220
1100 5381
5187 4874
4426 806
1238 2518
4081 955
4631 208
4235 513
5489 859
4276 2432
1732 5979
1909 1224
4514 705
1780 4630
2942 5227
5699 4862
3799 1150
4594 2985
23 3019
3790 1612
5536 2223
2566 4166
2782 801
5030 2271
2011 3305
5054 4095
3284 963
5670 2149
2019 1449
778 4960
1028 828
4173 5178
1978 2766
2162 2352
5785 303
3964 5672
2525 881
3838 5659
2033 3219
2281 4044
524 1334
2490 4159
2648 2159
659 4666
3959 1436
3977 5338
2615 2149
4515 4592
4915 676
944 5051
979 5259
4722 3855
491 2911
3513 2524
482 5793
567 1005
1479 3408
5515 4126
5918 173
3144 3876
1960 1472
3214 4574
3621 1728
3518 2887
2756 4813
2289 4086
4423 1362
2292 4913
4273 5805
1436 4754
5949 2354
110 1779
5761 5976
257 5678
500 3400
3906 2459
4871 1471
1384 2843
3550 4901
81 305
4065 2369
4742 2487
3731 1034
1400 2355
1190 3187
1460 1490
5541 1921
3269 5653
1896 3525
5683 2395
924 3588
5205 146
5058 940
3341 2959
193 3421
3616 4257
5790 2357
1096 3520
3390 2847
226 4579
33 1685
69 5573
3605 3689
5226 5500
1213 4908
2246 2488
2847 1802
2985 2256
2741 325
5214 3285
3746 2829
1542 3887
5538 2989
1406 2927
5835 1983
1858 5867
3667 2278
5792 1271
5966 5017
1122 1530
4276 3719
4017 1474
5520 1001
3729 2612
1326 3294
5897 5423
123 1790
3309 5660
5130 5066
2938 4964
1048 4795
4830 4714
1424 4621
336 1741
3989 1457
3270 2616
5175 1286
4089 5046
2639 1817
2009 4316
5111 2257
3738 5585
4398 1398
5596 3527
463 2533
2490 1862
1680 1672
927 3103
644 1262
5196 4633
3070 2465
1600 2596
4103 5689
1641 741
1857 4001
5408 1319
258 3497
903 4655
4894 498
2534 5708
3383 5023
1569 5062
1046 2495
2516 1690
4108 1711
674 1177
4528 2273
3772 2630
1961 5764
3722 4170
3764 3129
5488 4021
977 391
3028 5870
1240 5561
5929 4622
4935 1849
4035 5981
4695 903
2022 2802
2965 2695
3978 1492
4967 2101
4473 1280
1864 2194
5449 5627
5674 4936
4000 650
5678 1379
871 1270
1291 799
243 225
2999 4630
557 1693
5532 2578
4494 2848
5272 2823
4692 4591
4923 3164
5870 786
5710 5670
765 5735
4605 5116
737 4635
846 1607
5904 2136
2758 146
2712 108
4775 3269
1801 4658
198 294
1506 5822
3117 549
4412 2039
4064 4633
3177 3773
4302 4293
3860 3258
3408 4596
1892 4253
554 2147
740 3663
2293 3451
3771 1419
1071 5571
429 1269
216 2286
1090 3684
2834 5853
75 897
4485 3251
5022 2786
1895 2881
43 5302
1828 2287
3906 2733
4433 4997
396 1077
2447 4518
2848 3518
4440 3276
5138 4655
5561 579
2691 2746
431 2765
3994 5267
367 3015
2052 2261
247 2446
1914 2426
4732 171
5159 3517
5167 5554
4593 1613
4423 1440
5482 2862
5067 4971
1868 4979
5901 4558
1724 331
1674 5718
5597 2040
3084 2000
4652 3683
4446 565
108 3529
735 5266
1045 5901
5171 5638
1866 3593
1429 1699
806 496
1022 2674
5826 922
1583 1550
1605 3609
1619 1201
5648 5054
3553 4300
2736 2350
4864 2844
5878 5951
2109 1275
203 1280
1264 2420
5224 3044
4119 30
3539 5140
3055 3717
61 4989
5266 1665
2597 1236
3218 2245
641 1122
896 3377
3471 111
220 3700
61 2680
5326 616
4311 589
3035 3535
3633 1505
3916 1523
644 970
5239 1057
5958 4856
3073 2555
443 642
4799 1084
2115 46
4460 5937
156 5031
3989 569
2062 3314
1184 373
4255 4218
4259 1887
75 2174
3761 718
3143 3352
2126 3100
2559 5551
6 3002
544 5156
4437 2659
5201 3248
2947 5357
2278 935
5925 4691
4249 1460
5415 2503
29 3673
4741 103
5846 2501
1173 3340
5852 3650
792 2411
3200 797
5764 4096
5953 4200
1106 5153
1447 4052
4861 4076
4987 5137
2766 3235
596 2181
89 977
205 4829
1079 403
1329 2251
3742 1533
253 4533
4295 3452
5682 4410
1899 5634
2609 3004
5138 4407
1056 3999
2834 394
3487 5951
3628 4435
2483 4068
5411 2688
2896 841
3090 4576
3444 1183
460 3696
5716 4754
1499 5397
3515 3398
5382 123
753 4519
4881 1808
2869 1714
2201 356
2017 180
5142 4499
4247 4552
1186 1494
5392 4627
70 2835
5810 529
530 5877
5635 2029
5625 3149
5778 5358
3624 530
3876 2504
2690 1097
4570 5242
1804 586
5422 945
5436 4020
5496 974
5514 5239
5600 5583
2074 5761
463 2955
5989 449
5335 5965
3598 5112
5322 1221
5994 3550
4076 2683
4646 2997
1924 449
3934 1697
1393 3370
5717 1240
4343 5582
478 4294
5516 2903
4055 5978
210 4395
427 5544
4360 4376
5008 3681
5948 5353
1230 4375
2387 227
1372 4310
675 5305
359 2419
3026 427
4010 1368
8 4840
5662 5875
2094 4068
204 2303
2814 982
2199 1173
5357 1558
5206 5656
910 787
4031 3296
1014 5754
1957 2040
5410 2315
4811 2436
3093 2820
4155 3100
2011 3816
3326 4105
2235 3530
407 5049
4511 2605
221 3868
4162 5778
3875 5423
565 1905
2718 1930
1658 4675
3969 1420
1341 3131
3855 4434
303 2009
1885 2313
177 5211
417 2411
3092 1176
1459 1602
4132 2032
5821 2646
2161 3696
2068 2725
5600 5138
5006 1610
4164 2975
3029 5504
457 1235
4289 759
3243 526
3072 3771
88 3840
182 3179
5367 1992
4780 3499
4375 4953
144 536
2648 2563
3612 2599
1700 2618
4208 5863
5944 1588
5719 400
2822 4007
1511 417
4884 4934
4187 4971
3125 4720
2501 2492
712 1633
5990 5438
585 485
5973 3232
3399 3937
5830 5099
906 4390
4961 849
329 4679
1600 3503
3038 3110
3919 1921
2043 2457
1244 5168
1177 3744
2011 2240
5376 2352
1677 5960
2836 2002
3543 586
5938 3725
5684 843
2114 4997
2043 2794
4027 3642
296 1416
1104 4214
3337 3498
1023 4932
3017 2199
2675 5027
4438 2403
1378 466
2362 4565
2467 257
5151 2756
3981 5186
3950 446
4182 5992
3239 2561
3986 3535
3976 5089
2100 1664
2586 3122
595 5955
5672 3622
4981 4461
24 711
4927 2737
5627 1745
2993 5129
4501 973
4315 2450
1418 2848
2794 4657
5408 779
2543 3736
5867 4642
5399 2804
1764 5994
2758 1787
3615 2091
248 3638
3153 5174
726 2779
918 3719
2260 5418
4691 926
2220 461
3773 5013
5117 3533
5791 2011
1268 9
652 666
2812 2767
1011 5922
4554 4977
2364 4801
2966 5516
4326 3692
2646 5243
1410 4905
5013 452
5830 1584
912 3955
596 380
1487 738
2390 3106
746 3394
4123 3909
160 5134
4182 5065
4110 545
4217 1076
412 2542
4767 3058
2137 528
2314 1149
979 2144
2732 2243
98 3679
2622 1936
4416 5364
5041 5513
2757 3163
3773 3268
2648 1955
2333 758
2851 549
2185 3615
3443 951
672 5579
1830 3337
1079 2808
5480 3810
5050 5929
1840 2024
2216 607
1739 1608
119 4495
5123 4243
2114 1770
197 4446
2879 3400
5347 5063
1014 2789
365 2037
2367 2546
5373 3445
5354 5205
1606 4755
5485 3797
1130 2053
4403 2868
3660 4873
1714 2782
3115 3828
4904 3664
2273 2134
1063 1971
1549 2428
4759 2265
4464 1477
4811 4188
5273 4164
3744 1230
3270 3229
5026 4400
5281 3780
1619 3292
2652 3333
426 119
1160 5681
3782 3784
1814 5196
5755 3362
1623 4865
5979 438
342 4789
4977 5966
3304 2721
1548 573
301 925
5324 5581
4705 943
3224 1708
4627 3649
1826 5786
3329 5959
3569 5143
5154 3323
2856 1128
2188 2834
1917 2881
1974 894
3198 5277
3614 4745
202 4266
5670 5525
3846 4726
819 1421
433 5445
5070 2611
5230 2398
2569 3151
1892 1723
825 5100
3202 3012
2285 5119
244 4259
12 3794
3535 3977
2538 3736
2242 2559
3613 439
1636 4431
1859 2421
4228 1280
5031 3809
4030 1599
959 5921
3673 1784
5372 875
5147 1657
5993 5743
5915 356
3536 3801
4684 425
1537 925
3336 5501
1715 4971
4283 3925
1391 2510
5205 773
319 3234
2372 1629
3506 396
3764 2878
1622 3263
4886 1614
3005 4800
2321 892
2600 1004
1316 4488
2280 5003
3988 3994
4326 2271
1919 68
5132 1475
841 5802
4708 3564
1783 2213
3959 5546
5442 5581
2808 4327
1546 164
3478 4219
1055 430
5222 2723
5269 1502
1725 3609
5847 402
231 2117
470 5362
3591 1310
5164 2298
4873 1298
4863 3183
843 4656
2763 4003
3335 4661
4166 812
2879 5221
1593 2452
2295 862
4305 4371
4470 4152
4773 4700
620 5242
4413 4211
551 3928
860 5775
5225 74
2957 68
4730 72
4070 2064
4732 2587
3227 1962
2159 4820
4413 4453
33 2718
2824 4502
1221 1596
3553 1840
1189 1965
402 2091
5893 1262
1865 5117
1687 5173
5536 416
5244 3605
2831 4327
544 410
288 2702
5581 5053
1507 5613
2122 4330
4466 3694
277 2018
5533 1817
3982 287
3907 3874
1548 123
2991 3234
5295 2526
4002 4539
483 1184
3217 1378
1593 3857
4079 1525
2909 5585
1137 5382
4266 5602
3075 4894
1619 2607
1062 5601
3245 4968
3826 5144
5090 1168
2378 4737
4046 731
3627 4880
2266 843
257 4211
4699 4687
5735 1959
4272 872
1340 2889
825 4414
2135 2444
1373 3196
2396 4617
2516 573
3761 1957
1741 490
693 138
1572 4319
5017 3837
5514 5273
2047 4564
3959 2134
875 2582
3005 2214
5823 3829
980 1957
624 2704
5504 3371
1320 2371
3944 5432
4328 36
273 5372
173 1844
4043 5189
33 3556
4813 2431
2471 2771
4564 3345
5353 1920
5911 5527
101 890
1835 1076
3593 1338
4447 5264
4061 2742
5048 2388
3129 5320
2111 3301
1516 153
2841 1900
4060 1653
4682 531
4775 3598
4227 4479
5517 4137
4005 5969
5026 5839
1045 2970
1529 5843
2586 5589
2584 1633
2328 64
1304 4438
3364 3171
4591 556
5422 3002
2208 4104
3532 982
1701 2111
5461 1569
247 3817
1538 5625
3656 2934
2594 5184
2776 5531
4772 5711
1163 1099
5774 2819
5536 3489
341 4478
4044 5763
1480 603
3866 5363
1936 5918
1473 1748
1486 2072
5565 3375
1696 3220
308 4289
2403 3083
4172 1526
3145 5686
2624 2918
2504 2511
758 3197
989 4801
2959 2820
5755 1176
2534 1691
1093 4359
3438 2930
430 3354
305 2477
573 612
1117 3327
4047 5288
4852 1191
4974 1827
4461 1477
4338 5218
4673 5678
4371 1983
2849 4477
3158 5734
167 4602
4092 3957
1532 4873
1310 2188
1349 2235
3151 2466
5561 1197
2105 4765
2740 1078
591 1552
2555 5280
769 1579
4957 5491
3914 2157
4320 1071
1891 4838
25 334
2794 1908
5559 4456
4095 1259
1042 1245
4076 954
2442 181
70 5533
1258 661
1084 4164
292 2204
5743 5249
2047 3656
1757 366
5078 3647
5203 5454
3981 2349
1361 3891
1156 5455
5149 2197
700 3225
3502 3493
3405 3572
3377 5014
4584 4460
3178 4875
663 3272
4475 3061
1279 232
3426 356
3878 2629
5810 2210
5329 1170
100 484
977 5601
3032 2028
2825 533
5872 581
4104 3248
5594 2687
1707 2771
1562 2721
42 36
5782 1320
619 3559
2028 4497
187 2189
1058 5867
3710 1158
350 4686
1110 3381
713 3934
3914 584
4514 2369
3831 4459
5056 5889
1230 969
2962 1623
1356 3095
2943 1975
653 5322
823 1192
1510 1880
1058 5219
3389 1408
4257 4498
5140 4969
2783 3053
5905 1648
5774 4087
107 4829
4328 1688
149 1289
3310 1856
4735 604
3830 5739
5925 4652
930 1786
884 2340
1357 4624
4099 5613
3122 3238
4933 256
643 5189
1904 416
3276 2010
5596 1955
3697 5744
3595 1358
1599 2329
1962 5781
2067 2238
4784 3349
4376 19
5688 5732
4643 4138
5696 2116
1375 4628
2371 2369
3817 4274
2784 1444
283 2379
3398 4331
2474 992
41 4425
3672 2002
4205 5738
4591 3340
3438 3318
3359 3125
3049 2001
1262 3096
4116 2989
2076 486
5357 244
5112 2493
1687 5746
4871 5436
4077 1697
427 4117
121 4098
470 4677
4187 5412
2368 1625
2730 5726
5101 130
2078 715
3578 193
3703 5653
1031 3411
5896 142
5903 1582
5887 5126
1017 4315
822 1795
2783 1294
244 3604
322 4782
3016 2689
758 97
2767 5859
578 4844
925 4155
5389 4979
3807 419
2389 3702
912 2644
5635 798
1769 1003
5465 2942
2797 2247
4587 3392
5851 5260
2174 3218
2300 2931
3314 5066
3141 3891
3910 4065
2046 3298
3043 5852
4068 5784
3906 4979
2427 3540
128 4547
4895 5592
1840 1691
2191 426
5435 2041
37 1960
5258 2336
5242 2923
1402 2383
813 5311
799 3210
2960 3842
3414 1027
3977 1319
5 403
5210 132
5301 4104
76 1140
147 2266
1917 5581
4658 1953
1892 4267
4640 1133
1189 41
3515 2353
5703 4666
5563 3014
2507 2976
4040 835
4294 4396
1589 3855
4880 889
1959 4955
2380 2105
1572 4648
2037 229
952 3928
4495 5591
5060 35
5632 2927
2387 5686
1592 1949
2700 4450
5276 1091
5636 3921
5487 1224
1776 4366
2464 4086
3672 4843
190 5595
3490 2578
5823 4441
857 4669
4383 5916
5055 4366
3194 1441
4052 5137
3742 1103
3938 3017
2193 3573
1290 2031
4796 3065
748 1259
1150 4419
453 1691
4365 4294
4268 4187
3086 5124
3207 1469
5391 2261
5834 2937
4054 4237
2073 1795
5691 363
5163 1884
3935 452
4266 3083
3868 5014
4341 5369
3784 5146
1059 2149
3439 5678
687 525
5153 4246
2345 4896
506 2530
1832 4911
1119 4256
1057 809
4618 572
3044 2553
1375 1310
5635 5243
323 4327
4963 4458
3824 22
606 1263
51 1293
2139 5204
5538 4483
4099 395
1364 282
5658 2482
4537 714
3291 3155
1285 686
59 2660
1995 5693
2254 2669
4371 1216
1127 2195
1589 2084
3809 1640
3376 5947
1195 3265
4781 5645
4012 144
5926 3669
2978 4462
4382 268
1616 19
1305 1674
3030 3300
1718 5635
320 441
1202 1798
2635 2791
3882 443
4782 1609
741 328
5226 5873
5972 3237
16 5897
905 2993
4358 5638
3612 326
8 4917
2351 3037
2568 4421
3023 3239
4861 4225
5037 1495
1367 3270
2289 500
5230 3381
827 4455
3253 798
2043 3620
1046 3299
965 5755
3289 4576
432 3296
3844 2783
333 763
1203 3707
4002 63
1931 3390
1909 3297
1011 4549
3796 240
1929 4974
5047 5181
5771 1441
3152 1168
4740 4116
923 2028
3044 1706
5675 887
4488 359
1650 42
4066 3
104 5996
3392 2364
3645 4402
912 1440
4993 3192
414 4391
2724 536
5832 5876
2056 4923
3991 2978
1302 1034
4683 976
2273 3523
1335 3922
3564 5400
4276 4020
5395 1667
735 3391
420 1647
4831 5412
4838 5596
3803 1562
483 3986
1789 2538
2908 5779
5515 4209
1165 4550
5184 3437
2424 518
1710 5987
269 5985
4358 16
2003 5093
3406 2422
1091 2236
2185 280
2183 5987
2193 2666
3972 3981
5203 1231
4112 5070
5439 5276
3971 4623
2712 394
5492 4773
732 5761
4757 5442
128 1111
4886 3533
3532 5976
121 5716
255 2303
55 2800
5320 4378
780 4523
5609 4891
3944 5047
4166 2266
4021 1229
3011 3865
353 3742
3977 5461
3535 4104
571 2420
1636 4102
2747 2108
4170 3354
4411 4224
153 4082
2601 932
2956 2561
175 899
1608 4692
3516 5980
273 526
4196 625
4620 2172
86 2154
627 656
4926 2615
5110 1672
4722 3279
5025 3484
1854 5177
1566 4806
461 4521
1367 987
5772 3326
5678 3287
3657 302
3813 1853
927 2432
4376 1012
4937 5003
2019 3862
1617 1128
5534 690
4758 4558
4174 963
4087 5739
121 4899
4259 1487
5885 4382
5164 5914
1669 3172
216 5833
5376 1494
2264 3752
2505 1200
3106 4875
5414 4722
355 4947
5411 5464
3856 3584
427 1942
3674 547
1192 2285
2385 1076
666 1900
1342 2686
5071 1557
2518 4447
3050 4781
2550 5906
333 5655
5132 5746
4728 5486
5044 4138
4950 2899
2074 5376
5193 99
274 384
2383 2658
1812 3401
4909 3153
86 3979
5061 2604
2777 2462
1736 5326
2719 2068
5332 1850
2165 4059
1688 1208
2197 637
4459 4622
364 3651
4720 989
4386 1455
3998 197
4855 2906
3701 4940
1236 3113
1895 4365
5926 3631
4042 2644
50 3374
4846 2215
1432 533
3774 3980
1521 2232
2601 2236
5882 1673
3224 4268
3479 1221
4816 2685
4478 2517
1976 5713
5981 3871
4077 5907
1501 2119
2550 1550
5844 1747
4116 1275
2631 1890
5255 4151
4121 2207
738 4355
4231 3961
2974 2061
5533 1789
4745 4010
4657 721
4075 4638
4591 2503
4896 443
4973 1445
1992 4816
3544 460
91 174
2349 5697
4677 821
1903 5414
5527 486
3727 2500
2546 3259
4641 1643
1621 3649
2363 5695
2638 1305
2197 1533
1747 1170
3330 4090
5985 873
4549 427
1398 897
123 74
2070 2378
5840 1596
3215 3566
4448 5760
824 3440
1402 2796
1440 4116
2490 4078
5420 5039
5962 1166
208 3291
5608 544
4515 4156
971 265
5405 1445
690 1474
3822 529
3421 1388
4094 2220
1148 5270
11 2901
2065 1451
1369 4907
5880 788
3945 5841
2306 4504
3484 1913
5399 2350
420 721
2614 5824
2166 3304
1649 339
4184 5422
1727 2278
1641 3226
1899 1652
478 4315
3102 1846
3221 2981
2986 1517
3173 5643
20 656
1907 5419
3358 2326
491 5971
2150 2656
3626 4150
3347 1810
3571 5425
4439 5564
3002 337
1215 3479
4651 4668
5677 1872
2000 2662
3388 5172
2656 3760
180 4562
3530 3537
887 4020
3859 3388
1028 1485
1538 4374
3646 5460
4150 2084
5023 1151
2420 589
4981 1070
5256 4657
3293 1607
1670 1033
1131 4325
4792 1310
3238 2673
5198 4125
692 3056
1864 1719
4892 3753
444 2537
3213 4945
4620 2587
447 1391
3176 5428
2813 2783
4436 105
4742 458
1489 5872
4782 632
1533 2372
3304 730
496 3996
4137 2711
66 3381
464 862
5917 4028
5806 4889
966 253
279 4493
32 3091
1628 4467
3548 369
4924 5036
240 4058
20 1772
429 3323
2853 1276
1670 1341
3986 2088
4721 4801
2949 4638
3180 3106
3878 4146
3710 4156
2990 3741
1599 4617
2560 5146
4985 1835
4533 5576
244 4552
1699 672
1875 4551
2299 3896
244 637
5983 4964
5437 3283
3953 2969
389 1830
1466 4450
5986 4455
2543 1584
3072 5102
1081 2056
1288 5613
1984 1532
4517 3682
2555 743
2233 4854
4638 2828
5490 4973
1791 5278
2255 5744
2246 2995
1573 3711
1445 1910
2518 3987
3845 5589
3440 4925
1996 4727
4890 3979
610 3406
1661 3165
4148 4245
2018 3137
1072 1859
2109 3214
1136 4364
2957 3734
1710 4882
1796 3154
1143 4313
1492 4988
4253 5283
3912 249
4362 3153
4579 4971
558 591
2135 5057
5187 4504
2194 610
362 4302
3824 1850
3017 1132
5583 4727
365 1378
2232 1508
43 4076
847 4295
3358 5110
4895 1719
2263 3826
690 2820
4416 3176
2229 3955
1680 4422
4564 2393
3075 2739
4242 92
4223 4176
5170 4939
5554 1753
446 5596
5828 1292
4242 3186
402 3137
4904 3016
962 5945
187 5729
3121 2415
3683 5152
836 2599
1896 4263
5689 138
4354 3911
4313 3875
2850 4218
5627 3647
4165 5455
5291 2407
2992 44
5895 1895
3059 856
2192 3245
936 5664
12 4619
5167 1199
1569 1062
5461 1257
1199 4166
5520 5864
2040 2369
4433 2019
367 2598
1473 5657
5004 4464
5700 4898
710 3110
105 3253
355 1040
2916 718
10 2082
1916 1578
3144 1377
3187 4694
5542 2706
4909 1934
5426 3342
3952 5792
5939 5776
5801 5294
4591 5500
4543 5300
2962 4999
2905 3316
38 5820
4033 400
2254 5948
2329 5749
1676 5515
4442 1218
2220 3703
3503 1645
1396 1454
1789 1686
1229 1589
979 171
1440 5873
5470 4401
4871 2726
2068 5260
2546 100
11 4799
400 2340
4547 2427
1854 3340
3996 4426
1394 1498
70 2789
2951 2210
4474 4531
3798 5804
4701 5238
5676 4523
3638 4898
1248 5706
4510 4145
157 4520
2943 908
859 1841
3687 3065
5533 1682
1490 926
3180 1911
4067 130
4121 2540
5013 2270
2344 3713
1859 2371
2587 5497
1621 3835
5554 482
1979 62
5001 5274
1322 212
1466 5008
3276 998
1041 5117
2276 4220
1027 342
4702 5499
2881 4066
1769 5576
1778 3627
2299 4717
3475 4271
2551 3380
4752 4881
3794 4104
4154 5467
4315 5972
4826 1942
969 5866
1058 3244
4438 2437
3937 3139
2287 1170
1204 4407
1097 3333
2386 3395
2049 212
2017 4951
3592 768
4184 1737
4872 2689
1555 3538
2660 380
5480 3629
597 889
1224 5034
3677 5161
2524 5964
330 3727
4722 1426
1412 1107
5173 3812
1319 1189
3115 5262
2309 1298
998 1180
3986 2552
5069 646
3283 4900
4274 3879
5789 5497
2913 3817
5009 5436
4132 5338
3515 2854
1116 5278
3960 288
3089 5278
1828 203
4539 4136
1852 5888
5667 5838
2791 4736
483 425
3635 5108
4304 3775
4956 1568
1592 3965
1355 75
3654 5221
2928 4769
4850 888
5408 1939
517 1236
2493 5408
5371 4697
5647 5038
4534 2790
4125 5016
3214 1759
4123 1869
5886 3078
3436 1829
1394 5143
1903 5048
4363 4831
3816 3213
70 3576
5503 938
4811 2347
697 4533
1043 344
3922 5928
3485 2046
4943 698
4157 3417
2567 4042
495 354
5870 1888
5848 1772
1287 4563
954 5455
1775 1375
3030 1629
2313 1840
4327 3009
372 5722
3704 4294
5649 1188
691 4944
2238 4847
2360 5156
3240 3206
5861 3461
5446 5709
5585 732
4271 538
186 397
2265 3215
2377 4577
5054 703
1937 5778
776 5641
4423 425
1180 5465
5368 3417
4312 2079
2924 1903
5285 2785
5364 4730
2493 4948
5461 763
5837 5999
1511 2101
3213 3887
1029 2619
4589 2966
2748 5717
2958 1170
493 4489
634 5860
2258 5297
2290 5181
1552 1574
1965 1267
655 4809
214 116
5923 402
114 1433
2855 3678
5319 3883
296 4260
1200 3043
3976 4509
4564 4468
2998 5550
4679 5255
5198 968
4435 1101
2894 752
2367 3548
5560 2580
4015 5835
3334 4480
1267 188
2158 586
4422 2805
5197 5622
200 3172
4130 4763
1991 1479
4664 669
733 4214
1988 5520
5314 4881
623 1681
2781 534
4612 795
368 1945
5275 1635
2484 1432
2572 1258
4236 1768
879 4435
5291 5360
3550 1281
839 2565
2301 1923
778 4288
1794 92
3521 2416
2124 301
2950 735
1095 3669
3032 369
5655 5867
2152 2226
1124 740
4345 2002
5526 3635
1714 3427
4915 2552
5992 1215
4826 769
5855 620
1212 3727
3035 3687
4027 336
4422 5473
4357 1805
194 4011
1671 2345
237 2795
3436 4581
5148 2962
2568 861
388 1482
3764 379
3049 2590
1500 3255
3561 3063
981 595
750 5359
1283 5523
4831 5639
1327 5024
4001 3349
1721 4237
143 5156
3170 5291
2469 5737
151 2857
1570 3915
3587 4970
856 5438
2576 4416
2853 3908
5362 3954
3266 996
3828 2097
986 5506
1472 4987
2854 3544
3575 2997
3052 744
2287 5520
832 2789
2728 2754
1055 667
2075 2262
456 4651
677 3660
2910 391
1613 176
1386 5792
2624 2724
5297 4447
1710 2503
1991 5284
5499 5042
380 2137
4913 1563
4925 1641
4316 332
2659 391
2593 3114
5393 3622
774 2302
4012 2738
2829 5749
2882 5804
2472 2178
4251 4533
4680 241
3817 4530
5634 4548
666 4546
110 5943
538 4778
274 3196
5168 2866
662 4912
487 1435
1565 4850
4524 4746
4951 1405
4549 1422
3935 2799
307 2614
3391 4123
1496 3376
3022 2161
1922 3131
2455 2811
1908 3080
7 1427
298 668
690 1136
2454 2607
5986 977
1352 4936
2734 5900
709 668
3051 1015
3281 441
5489 5128
3817 2510
1641 90
5993 4095
2900 1900
1175 3258
3679 1472
3925 4368
2607 730
1326 2944
1707 2677
1879 4440
2929 2940
5107 5979
3954 2739
771 3443
2219 4939
304 3859
5380 296
1953 2632
2196 3127
5889 226
4950 4166
4945 1909
4895 271
4852 953
2947 731
5744 227
3670 5202
557 1975
2293 1680
5417 4511
618 73
2369 350
368 4321
2981 2915
1800 2869
3140 1101
1034 2085
3009 281
2707 1861
1233 5
2943 977
232 964
530 788
2938 2822
2467 2707
1332 3437
2779 3700
3786 3146
2373 766
413 4524
3986 3552
5624 5372
5988 2633
5652 2694
4845 1236
2699 1787
2564 3282
3102 3094
4421 391
5915 888
3097 1247
4676 227
5298 2813
3725 1670
3578 4137
193 1915
2040 169
1286 2028
3153 937
5073 1997
2525 1771
4135 5088
5404 1236
2181 3825
1626 2096
5064 5075
3694 3739
5301 2991
551 3377
5013 4480
1513 5557
394 3553
5725 2032
5932 3229
2968 5004
5225 5492
1127 3359
4932 530
4946 1112
4354 572
3559 3769
5646 1252
1507 5298
4595 2409
2675 3607
1240 4187
3515 1986
2091 3240
4017 2022
468 1336
1378 45
1180 2504
3755 111
3385 2701
1222 2091
3272 4781
5859 3269
384 1718
2566 4978
4126 5592
2584 5718
3779 99
1703 221
3690 5719
2595 4509
1054 4324
4905 2233
1179 2660
2343 4563
5360 3917
1005 2983
2697 864
251 3432
2933 3168
2410 1058
2760 5345
1127 890
5795 2829
1462 3484
2547 4056
2345 3601
2731 1601
5833 3909
4260 2528
2472 3971
444 3476
953 3492
4691 1555
923 1623
5075 3332
3033 2186
3029 4159
3427 2823
988 4888
659 3534
3296 3355
1486 26
4955 1671
3935 3215
4198 758
1185 4993
4585 2490
2836 3276
4396 3758
5250 3470
1442 2282
5655 4470
793 3081
1644 1780
2321 2302
5665 5968
5656 1503
5993 4611
3173 4279
2177 1722
5036 3713
1066 3621
202 3901
1248 4950
2010 497
2419 3451
3131 2426
2272 3923
5858 3916
54 2178
569 70
2145 225
1572 2490
5187 5096
768 1363
1169 156
5427 2586
4128 5981
486 5375
4930 2496
223 1348
298 3353
3773 2922
1627 3631
1189 2032
160 1757
2102 2305
2333 4025
5146 1519
3473 265
3233 4993
420 2660
1579 4547
2640 2064
4273 1569
4911 4496
3268 5561
2200 1393
2482 4179
5023 3670
210 5534
5778 2311
2190 2463
688 1335
3981 4160
1600 1566
3152 2371
4577 4730
918 1568
1146 5542
3488 56
4389 755
5616 941
2499 2449
5119 1873
470 5328
1407 248
1991 3596
2710 2678
5283 1042
1189 882
2959 4692
3252 1887
3774 4521
3454 4919
4415 941
5326 2803
2048 5294
3743 4546
2094 2861
419 2564
2541 2177
3163 4531
5772 224
1208 5406
1265 2396
287 4576
1087 3891
462 4860
2763 4268
4130 1529
5560 3808
4332 1959
3101 2426
505 5194
5639 1275
1757 2179
3803 5271
1061 3926
5494 2268
3332 1111
5015 3970
5686 453
2212 499
5313 4975
4766 3794
855 4326
1601 5538
284 5053
1964 1140
4247 1954
2766 355
4484 920
5626 5544
4846 5119
1811 2177
229 1177
498 266
1629 2710
765 1293
2036 5882
5087 2890
4559 1039
2428 4843
92 4743
334 4338
696 3452
5044 5531
4371 5021
5074 3216
4492 1236
5744 5072
2412 242
5338 4040
2951 454
5685 5338
335 5123
2227 4894
161 4654
4088 252
3748 4773
4941 4443
2576 3985
4325 947
3005 3398
4514 1496
4633 4610
568 1396
5203 257
5788 2505
1062 5472
1842 1396
4594 4068
641 4754
3074 5080
5358 1173
4205 4298
5968 780
2282 4292
2078 5639
1690 944
1486 674
5905 2405
2070 5107
3013 1857
1611 4074
1680 3452
5822 625
1871 814
5378 5296
246 5087
469 4450
3385 436
5581 18
4727 2011
5656 768
2954 1494
1442 2858
4250 3863
1964 1263
71 3926
5336 1750
1729 5509
2374 3951
323 2103
3247 568
1190 4067
5369 4926
4502 4949
4943 3580
959 4951
4348 4264
444 141
1121 5045
4003 3436
307 4073
1713 5995
174 3441
5503 2547
1392 5825
5001 4638
744 542
3056 112
5467 1557
5061 4410
5488 371
3712 4187
4635 4507
4327 107
3551 2681
3543 4210
753 5607
4204 926
3048 3706
3824 4439
3883 3177
3428 4626
3718 483
4738 3185
2391 4150
1946 2230
4520 5657
417 3154
4515 5095
3613 2065
1776 1507
274 2880
1113 4477
3806 4160
2535 1981
2950 769
5157 729
5394 2875
1563 4483
411 4305
2984 2708
535 1504
2716 1303
5009 1230
397 2621
3294 2172
4127 3920
5052 5592
2748 3209
3751 5282
5541 701
402 4698
1781 148
1924 3344
4630 2686
1648 1966
5393 2182
3469 2108
3484 2829
3337 3881
5802 982
404 4280
4901 5807
3871 1649
3367 1974
1282 2908
3026 2036
1957 4806
2183 3880
2149 1164
917 3797
3129 661
5978 949
2768 3814
3778 456
2046 3931
1789 2449
2210 1042
2608 433
3042 5974
2406 4323
3233 5431
710 5189
4236 2892
3420 385
4056 4336
4181 1184
5348 4510
2133 2115
2323 262
2922 4720
4192 5063
1521 753
104 4128
1185 3145
4453 3590
1819 1686
3372 2529
1226 1608
5420 4646
2344 3475
3333 876
5011 2681
5385 1495
5147 2060
1756 2421
779 5947
1483 2299
1051 1586
778 2236
4730 5231
5825 900
1268 3549
3428 2493
5156 3200
1490 1499
1026 5175
2374 36
2207 2110
1882 1705
4169 3637
4125 5300
3935 5959
1950 4986
1544 2728
1573 625
2310 1749
1877 3577
5297 5304
421 4452
2855 2263
302 3881
1789 3027
4268 4347
5137 150
51 3657
4138 4528
2956 2425
4486 4906
1410 382
1985 2982
1358 4294
5082 3234
2222 4379
2890 2642
2830 96
5256 3484
3976 1044
510 2596
5390 5646
3097 5793
3655 1234
4320 610
3658 3157
5867 5419
3890 2203
2752 5248
496 1834
2833 3069
212 74
5711 3393
170 5318
876 4497
362 1738
1444 103
1735 4540
5895 5389
126 4566
351 3783
1723 569
3554 5612
2772 305
5211 3619
2490 2396
688 2701
2469 750
446 2990
67 1321
1839 780
3410 3282
883 5145
1822 1129
4533 1947
5695 5235
81 1769
5804 3634
1380 2927
4291 943
545 780
3338 1584
3481 158
2333 3926
3500 2752
5598 5338
3531 3008
2619 4765
2504 4792
5894 1388
738 5940
623 1171
1708 778
4804 3439
3704 3446
4733 4600
4226 2422
184 2058
2580 2516
5983 79
5619 5932
5768 3150
3291 2386
2266 5794
1178 2511
1182 2267
2450 2156
3789 4509
2933 2593
2300 636
38 1032
5235 4615
3454 5770
672 385
2638 1006
815 2256
938 582
5757 4580
3319 2023
4374 4848
4885 5907
1115 1687
2062 5255
195 5346
1847 2494
5981 2237
3526 5567
1203 1331
5689 1875
1715 2326
2880 2529
4581 4169
3110 4338
2749 780
712 1474
5628 5596
1380 1094
1282 3793
348 1829
3138 2547
4674 3470
5135 2551
3388 337
3881 3076
2211 5595
5753 5443
2475 4334
3611 5936
3023 711
716 3734
2184 343
3681 3915
1788 5315
2059 2135
1143 5196
4681 5816
3017 3815
2367 757
4504 599
4184 714
194 3937
508 3020
2622 4471
3308 5644
5181 4023
3729 1717
4717 1761
5631 504
1075 1690
2638 2217
1237 1671
2385 4606
5485 5103
5714 3988
5701 3897
5054 246
2185 5913
3266 4806
4383 573
4801 3916
4947 2529
5632 3663
4642 5614
4518 5716
1655 1507
2285 3244
3177 4669
1849 3014
3771 1914
1353 3471
5810 758
4069 1995
671 1334
1152 5053
2258 5953
3320 1204
2833 2951
5218 1474
2565 4087
1190 4571
5593 3474
1814 2770
2494 4014
5783 616
5927 1487
4438 89
2245 2506
2083 2915
4191 3586
2319 448
3538 5639
2003 371
2941 1220
2196 5857
5306 3385
4428 4899
1210 593
2020 4055
4607 2154
4670 4885
3640 3460
4973 5884
5965 1407
3150 4156
4993 5821
4603 2530
5459 958
3252 2751
2177 5448
2608 1835
3184 1387
1085 4746
1979 3456
2800 937
5609 1822
5822 3600
5281 4794
3484 5597
553 985
3752 5545
805 2707
2426 615
3664 5678
3366 192
5477 5973
2378 2660
1711 3462
1405 3689
917 4557
4626 877
730 4799
4477 10
3944 2312
5606 4496
3648 3710
4040 4453
768 466
5067 4431
143 2784
4974 5971
3108 1352
2630 4818
5165 4387
2859 434
3295 1484
1662 4024
634 138
4385 4577
2801 4342
3073 449
2051 1112
5253 3170
1929 4671
1952 2423
1455 926
2393 4914
2629 5375
3732 1793
4113 590
2578 1407
2425 4240
5430 3058
4729 4166
1986 1530
2507 5058
2330 4910
522 1934
2079 2450
604 4031
5225 2410
4956 1617
1324 1936
991 5055
3728 5103
5996 306
861 2772
4545 642
5829 3273
4807 1814
5154 1314
1224 1835
223 2097
3768 2653
4546 4724
683 4122
1133 5990
5739 2456
1925 1081
1862 5653
536 2209
310 1396
4980 5206
2390 5160
2830 1196
1326 1984
2509 2549
3818 3083
4997 1938
5736 3894
661 418
2016 1793
760 1754
4601 2684
3186 814
2688 4073
3375 3349
5821 2354
2554 2210
1514 5736
3405 3191
1719 5914
91 5888
3348 5087
1825 3083
2980 2837
3853 4995
4630 4964
1100 3582
1647 4286
4747 4687
2710 2121
2035 2530
4475 4941
4739 340
4676 2144
3530 746
2409 3972
985 108
3058 3162
3191 37
5998 1395
5384 4627
358 483
2560 2356
5120 1307
1042 1830
3427 3429
4359 2253
2721 3450
2592 1748
5945 473
2493 2705
4444 3477
2812 1853
638 354
1890 988
2100 1273
5966 2457
2107 2526
5165 1227
3832 558
3056 1610
3986 1766
3863 1058
5567 806
2805 5511
1631 5297
2215 426
3126 5027
2279 4115
5732 4520
5102 1832
5792 5068
4288 2250
1945 3804
3476 128
4362 883
1737 2347
2649 5951
3757 2215
757 561
2078 2387
210 4292
2812 3687
3670 5442
1801 3402
3961 1255
5585 4104
674 4224
354 2970
2028 3829
3097 389
5064 4833
3087 2064
4784 843
4630 5892
1756 707
2630 1965
5351 5793
5651 3020
5235 1803
773 3195
3409 357
1299 4082
4581 2004
1403 960
5832 4499
1348 5247
3684 4786
1310 2467
5629 5940
2710 1384
646 5339
3700 5996
5131 3350
3368 4365
5504 4492
1912 2913
5201 3562
1346 4133
5565 2749
5092 5748
1599 791
4995 5282
5576 304
2100 5204
243 4809
939 1241
4147 4638
1588 3630
2339 4955
2346 2195
3799 4257
5107 2999
2170 804
1483 1734
3904 574
1482 5503
1364 476
4784 1291
779 884
847 1374
5692 1785
2614 4191
775 4201
2172 3465
3508 4517
5659 1306
3126 5117
4656 5295
5921 138
1029 3824
1063 2510
3326 2778
3337 2462
4068 4467
3345 4914
5840 3388
1051 2453
1578 1825
1006 3749
5289 4513
2618 5300
170 5743
4416 5177
5389 4336
5666 417
2512 728
3278 189
3857 614
2650 1924
5081 346
1190 5272
3734 2240
1725 5663
4416 3082
3764 4056
1946 733
3355 2467
475 1771
1643 5863
458 1660
632 3321
2739 4261
3510 595
5227 511
2870 4659
1209 4059
3930 5294
650 6
4956 5065
3087 3071
3121 5032
3803 827
1498 4629
2597 3492
4844 3407
5151 5827
727 1889
4087 4588
2483 3313
5099 5705
2323 307
4115 253
5952 4765
258 5259
3829 3697
2330 1301
2728 484
2128 4578
5465 5076
2069 4308
2482 1572
4486 3209
3460 2572
1796 295
237 1246
5999 2559
1904 4113
3163 1855
3229 3421
1114 1410
1469 3795
2710 4548
4278 4837
3125 3742
4265 5546
2401 746
1117 886
4306 4928
3810 102
5222 4046
1699 5572
956 3603
4037 4119
5457 1265
1891 922
2674 3359
4716 5736
1906 3346
4924 5383
1087 3188
4928 3840
3934 396
4725 2591
5323 2534
2692 4897
931 4391
4820 1887
2345 3208
357 2153
4825 2247
3075 1498
5957 2142
1585 1862
5487 509
1244 926
3696 523
4765 1981
1270 3841
4572 945
727 1615
5841 2009
357 5012
4247 3053
2220 4603
5206 1044
1201 2632
2893 1157
4773 4478
3371 4612
5338 4966
5537 3385
5489 4653
5366 1110
2845 4289
2054 3923
255 2246
5932 612
1258 4178
3664 3829
3133 3221
4872 4333
5852 2116
5490 4977
945 2860
3588 282
2177 3476
3667 1665
2480 3384
3127 5324
1672 5180
3247 2278
1426 3178
3241 2683
1707 905
863 4839
4477 5734
3172 4329
2201 3013
3305 3146
224 1244
3779 2400
4719 1445
4417 1198
4828 1543
873 851
1074 4119
3129 2499
1648 369
5533 3707
1625 395
2545 102
480 68
4782 2681
3432 2438
178 4007
3681 3956
759 2751
5401 5527
4300 4580
1421 5172
5783 2494
3643 3263
4993 5642
3983 4877
3348 5608
5272 5893
61 5751
312 5194
2783 4096
1631 3312
2102 5663
1268 2860
2765 1020
2386 1416
5951 3806
587 5733
300 4581
2995 5644
4223 978
4520 1570
937 4143
1814 1349
4246 2478
542 1028
573 2524
4340 2674
2538 5959
5886 5302
978 2271
717 928
429 1655
1013 728
588 4007
723 4810
4984 5594
731 272
3737 2897
1620 1982
5374 2161
3009 298
5036 1700
3323 1573
2010 3208
1226 2987
5831 2294
4267 259
4301 5279
1338 4888
3637 2060
3697 2973
1653 4779
3244 5389
1675 4864
1722 1400
1376 5083
1697 412
782 5372
1984 2792
2579 3562
130 2409
5855 4748
2667 4155
4378 4004
3042 2015
415 1090
4987 2068
5869 2230
1808 1895
1445 3530
3295 2821
2612 5343
3232 3745
4714 5567
888 1293
3128 1370
4053 3335
117 720
1841 4495
5075 4883
509 5490
324 5847
1909 544
2076 4068
2439 3873
1597 85
693 4560
5427 4276
2657 4493
4194 3544
137 1322
4913 4189
5008 5030
5260 848
3876 4687
5730 4736
4176 406
4582 436
949 1009
4503 3387
4881 452
3471 5925
5363 3250
4200 2019
1742 2394
5915 1878
4067 4827
418 3074
4208 5678
4273 2435
4364 4355
1170 2891
4760 5751
3678 5708
760 2180
3447 5992
2983 1269
5917 2346
4870 4468
4364 963
1213 4630
3192 5279
3457 3610
2704 2016
3639 977
4451 2002
5683 5620
5244 4442
5371 2921
4501 482
5452 2299
473 2435
3920 389
5132 2789
4857 3847
3752 421
2477 1295
52 5933
4904 2755
2300 2542
4083 750
4895 3765
722 4490
2558 444
1410 1059
925 1214
3709 1749
4000 1628
2138 3131
4769 1346
977 2872
1766 3453
4166 1817
3737 3070
4924 389
5963 3358
1490 5210
1475 2211
3699 4032
2654 5461
5442 3930
674 3151
5679 5025
4778 2168
2155 3898
3513 3483
769 5630
1288 4935
1799 5024
2356 722
5764 2318
4431 1254
1527 5905
3464 5578
3937 470
5038 3730
4751 63
880 4429
5087 10
596 1593
3907 4460
5075 5028
4442 362
3962 240
5738 317
961 5501
2986 5391
1106 4865
5648 4922
4442 3936
5743 3831
1665 4493
4245 2897
2922 3683
3258 3869
5275 1516
2681 4701
543 1122
5415 4504
1361 5152
5172 2673
5004 2158
2415 462
1022 2062
5383 5815
5997 5125
3645 2014
3617 1889
4910 890
5923 2519
4759 5197
4034 1439
4249 4929
2560 3663
3432 4272
2814 2604
944 2170
5113 3358
2631 134
5420 2365
5948 5768
1489 3944
1781 5457
184 1042
347 106
3912 5457
5302 1946
895 3550
874 3806
1213 4657
2429 4378
1612 3372
899 1076
729 3529
1209 500
5893 1508
620 1733
5451 2752
1190 5986
4146 1888
91 2057
1344 5392
4354 2590
3294 5579
747 4858
4588 3175
3587 199
546 4486
1275 1626
2366 2835
2126 2611
4695 3097
4343 4497
5848 5884
4483 3993
1771 4573
50 3114
4317 4755
55 1610
4334 801
819 2921
3975 4405
3471 4872
2890 5097
498 5608
1932 2975
2218 978
71 560
5474 5918
796 3956
4263 2566
2881 4664
32 1197
3418 86
3158 2103
1239 3976
5375 5213
2732 2846
4085 5974
1942 4934
5581 4225
1908 1798
5202 1978
2709 4676
2247 3504
2983 861
422 5863
5524 805
1059 3294
1242 4216
5396 2480
2543 4771
2045 5275
1968 481
5600 3909
5414 5180
2486 1673
977 1687
3650 4037
714 248
1893 3697
1109 2314
3911 984
3470 4970
4277 5063
3537 4025
1895 432
2795 3939
58 4762
4771 5657
3022 4184
4836 5507
5856 164
1546 3857
4200 2611
4456 92
307 5916
2757 4570
900 578
3891 5528
5641 1779
3552 1535
2210 346
5825 2619
5459 4595
2275 2833
3130 1462
2339 3337
1625 4236
1545 177
847 6000
620 1505
268 3729
74 1167
4306 3964
1046 4298
5743 4598
5832 2304
5295 8
4923 4754
4602 1197
1586 2083
3011 4276
5771 4987
2864 1315
5163 3710
1667 135
5566 1934
3863 5640
3452 2520
3955 4497
818 3697
3094 1001
1 2741
1009 4923
1846 5962
471 3431
2397 3481
2058 2167
2468 5273
3482 1982
2982 5148
2468 2548
1433 330
2539 4884
3202 493
3732 4019
4542 1178
5371 4542
3918 379
3816 5763
693 4638
3545 3089
2471 5954
5607 5290
5227 3088
1271 2560
2587 3739
5459 4371
4420 1997
3606 1621
2842 1338
5991 1383
2515 5362
276 784
92 4443
546 1136
3080 4442
4224 5902
4395 4183
5191 3973
1270 814
533 4209
4904 5991
2931 3323
2340 537
5296 5181
1874 5638
915 4740
4999 1190
5875 5443
5632 772
578 3063
5213 5154
2965 3959
3336 2507
1932 4957
3320 2816
3517 2223
2806 448
5546 5497
1336 5193
5029 3561
4830 5943
2300 4181
1484 2526
3623 1467
3297 4552
4530 2861
3705 1846
819 1392
4352 2750
701 2024
5917 4217
4246 2723
5016 4143
2571 351
3335 1600
3911 2517
1894 562
697 3378
3087 4671
4844 383
3574 3725
3595 1631
5922 4414
3022 4626
1515 3722
649 1432
2291 4894
4506 1306
3037 1076
1657 723
3027 5919
3239 4921
481 4287
2298 3567
3309 1493
4302 883
5218 1896
2865 5139
309 238
3764 2176
4312 4764
3607 602
3658 2464
2259 1046
3539 3915
2120 918
4186 5711
5838 4666
3997 2135
2232 1658
3627 885
2892 3196
2781 5756
2687 3441
5993 450
5968 4304
5214 3926
5257 3223
389 1516
4620 4280
5782 739
5197 3967
449 5386
2984 4446
1872 5216
455 5850
452 3346
3046 3584
3453 5732
1377 3797
533 1344
2453 98
5622 2061
3672 10
3576 2291
4641 3710
3030 4189
2028 3478
3574 5012
2275 5445
4579 2729
5295 5030
426 2692
2614 4230
2775 4342
2379 3307
37 4831
3757 5658
891 1428
5668 4819
3719 4660
2880 1100
2849 4907
4577 774
3918 852
571 2848
3932 217
1878 4710
3260 4843
3291 34
3536 5669
3692 3572
4499 1448
3230 5742
2876 3249
4912 946
1908 1791
2045 5108
1049 973
234 5319
2176 804
2166 108
1372 4395
5169 4631
3237 2459
4664 1124
2128 2355
4696 978
4155 1925
1071 1382
5173 5982
2327 1432
2124 4723
892 3173
47 1125
2843 2223
2280 5008
2682 3651
3403 1850
2633 991
4660 1296
2115 1139
4002 810
2117 2156
3086 3539
3537 2258
3521 215
3689 5996
5289 4580
3520 5336
56 362
1558 2335
5370 4591
337 3124
440 2969
4466 5451
4616 580
590 2618
1741 2706
5125 4826
596 3014
1435 4116
3580 5476
4464 3221
4407 1983
2556 4463
2345 4465
1149 2066
3055 1486
5541 3846
4806 4006
3648 3422
4938 4237
391 1030
1294 5515
208 1890
2880 1642
357 460
1117 4820
3680 5524
1155 587
4338 3851
5051 5486
5916 2457
1323 5808
654 129
3813 4301
3902 3102
2890 4292
4132 4183
4158 4339
424 1038
332 781
1497 1449
5952 5528
1324 1106
114 13
4956 5516
5498 5223
2324 1173
5030 3329
1653 3195
1981 5554
296 4870
3845 4779
3405 2002
3469 4180
3391 3801
5312 5239
5601 5264
4766 1276
369 5231
1288 5677
5098 1137
4899 1773
2309 3929
5101 3961
1475 1434
3866 2122
303 2062
901 4059
4416 4721
2591 1806
2521 1902
1045 2473
1165 162
3748 1886
5745 5035
1562 4842
172 460
615 2832
4740 5715
1145 214
1148 5010
2336 1803
1424 3588
213 5839
2660 2803
1644 5533
4705 3040
2005 221
3554 5753
2106 3298
5139 3667
2139 5662
4479 3105
2494 3218
3172 3638
3784 4671
2999 471
825 4422
4058 1038
4260 1069
4192 256
601 3248
3647 2606
3469 1200
2710 5574
4497 1848
3241 988
1862 1719
4092 4355
5288 1263
2344 3071
286 5342
3541 1110
3764 1950
2147 2375
3371 691
2982 3971
3938 629
576 1406
2180 3637
980 1029
5837 4572
2016 1698
642 459
52 5929
2074 2395
3352 2359
2088 1244
3468 203
3546 5967
2930 916
657 5911
4886 4594
891 5462
6000 3071
3450 1331
4099 3286
5902 466
4983 543
1276 5386
823 3701
1780 4174
59 4220
5418 3879
4422 2963
3845 1351
3878 4853
1614 3115
3798 2504
2928 4149
5574 378
5479 4024
3663 5732
4841 2646
626 469
2031 1449
4169 4163
5622 4580
2382 5391
2458 1155
2705 654
2858 582
5858 4471
3697 3655
974 624
1804 900
1353 1634
5275 5016
1366 4116
2013 2343
4936 4395
3791 3104
2557 3765
1683 5290
3507 4492
797 212
5145 3654
1145 5354
2124 5193
3009 3449
169 5164
4348 1521
797 3975
536 2514
2442 2900
4857 1377
1295 2999
4480 4203
1115 163
3845 4622
5006 4641
5185 4503
2294 329
3856 4769
5522 864
2217 42
27 917
1562 1176
4891 2450
3689 1332
5349 2897
2708 995
248 1187
5198 1362
1701 3042
335 1059
2034 5519
5561 4327
200 3416
3095 73
4632 5663
114 5010
579 2027
185 5821
4476 4226
1152 4177
1474 4211
5171 1721
5750 4720
3435 1802
2113 3769
2860 4146
3640 2772
2824 3839
188 270
4263 5171
5933 4376
4180 863
402 4717
684 5230
3294 2187
3406 4767
750 2928
840 499
2000 4274
2652 4112
2042 5512
2258 33
2635 5081
4223 2822
5351 2485
2344 5635
1212 524
497 1966
5592 1532
1547 3237
4071 4952
2003 5172
2231 3194
5670 4230
1467 2673
2342 3861
2536 4951
3893 5171
4383 2468
1992 4085
4952 4688
3719 516
5211 4568
2481 5154
451 4379
2390 4873
3330 4744
4044 5912
1938 3713
4142 3756
386 835
1616 2921
137 5861
2443 4519
2680 4435
2604 1631
3122 674
2498 2684
5241 5330
2189 44
3708 4930
4916 1389
3673 2960
1301 5962
1024 5794
3718 1409
980 5685
4682 1116
5897 1476
5634 2576
5910 2589
4559 3383
3263 1056
418 2855
386 2958
2898 4445
1887 1814
5834 5560
4773 1134
5873 5796
1279 3942
1557 2258
3979 590
3373 3875
2065 3006
803 2327
5947 5713
61 3209
768 479
63 1505
3788 2961
5950 5675
4774 135
5586 3898
1268 5458
3693 2546
3400 5249
4803 1378
190 2527
5604 2255
5532 758
4581 5478
470 4993
3038 1590
5823 3101
3446 3611
413 3395
3285 5538
3529 2870
3435 5148
2679 1127
2045 78
728 1199
1807 917
3725 1763
3523 3609
2520 2455
3438 3342
1448 476
4931 1270
3928 2376
4880 4340
123 2164
4229 4003
5385 1663
3151 2064
3141 5547
2493 3868
746 4300
5137 4470
414 2659
2430 2933
5114 5868
626 561
695 5556
2182 4622
2284 1062
3313 2406
3577 1541
760 2962
3555 3910
5025 695
3809 1517
4915 4554
168 4051
3375 581
1061 5805
3866 526
24 4843
1438 718
4399 3620
5691 1034
4681 3003
3439 2257
4895 4198
5570 2449
2460 4946
3495 620
815 2409
5173 1334
459 2899
2267 1872
3055 132
2397 3078
5326 3835
4147 4076
1454 3837
5109 486
1191 2899
3094 85
1449 2664
2885 4260
1609 380
4879 2775
2788 4403
4109 3599
1653 375
5822 4708
858 2218
2137 183
404 284
4259 1857
4120 3367
2694 5311
266 5788
5747 2066
2803 2632
325 4763
3363 5203
1538 150
3605 5646
4100 5257
372 3921
4316 1229
139 453
1411 894
1088 21
2751 5207
3388 5796
4869 4005
5583 4616
70 2385
1599 394
1500 4961
5948 3037
5462 3904
3034 3562
3512 3405
1834 1828
4985 2324
2632 395
3218 3719
416 320
3277 4155
115 2498
2511 5698
1465 2932
2434 3063
3677 4285
2375 3624
1321 1836
1879 4706
5749 5390
2110 1583
1569 1446
3906 4200
1841 1475
2270 2608
1794 5547
1114 1909
2396 3976
1958 3860
907 4743
922 4935
3028 3648
2910 4700
5483 4788
3406 5584
4529 5867
1166 98
1313 5423
4649 3505
898 1271
464 3043
1169 1577
4951 3564
5552 1260
1423 810
3 2696
5744 3030
343 2653
2081 177
1792 5486
5760 320
5705 1277
769 1017
700 5418
4521 1949
1040 4984
4991 2208
912 4294
5771 815
5553 1545
1976 5555
4240 1719
2936 4934
4723 5017
5110 866
4854 4870
1185 4558
146 1954
5574 1197
1723 4446
3497 3114
3781 2840
5321 4692
1133 5443
5858 685
987 1833
592 5578
3903 3879
4511 2977
3247 3620
3842 2453
2841 5027
1010 3339
1332 936
4887 3406
5733 2384
519 3514
5223 191
2557 355
5633 2415
1391 971
4599 2334
548 2502
565 5058
5478 3811
3029 3672
615 5870
3050 1625
3560 4733
2560 2446
2138 2292
5181 3008
157 4403
3550 2714
5109 3534
5480 852
4504 4078
3185 5403
931 4101
4812 761
2264 1840
4432 2878
2061 1833
4502 5620
565 1413
2418 3054
4057 1598
413 4213
1 3962
1278 5461
1495 1109
312 350
5539 3849
5752 469
1949 4563
1581 4564
754 364
1442 2815
2196 295
2786 2760
1708 5555
5813 116
1153 225
4680 1505
4186 5958
1317 32
1418 1629
733 956
5829 484
1777 1777
5398 3357
693 152
3721 2134
3318 5916
2428 455
3028 4487
10 2840
4602 1514
3417 3282
3018 1954
3591 4334
1986 5008
314 2718
316 142
3554 2092
2271 3303
5448 2963
3806 3520
5448 1123
3788 1875
1930 815
714 1939
4006 5315
3452 1422
2948 821
3376 890
5506 5713
250 172
2782 565
665 687
3008 2935
3990 2807
249 1795
327 5696
3270 4466
1923 5199
5632 2636
1137 3637
1950 4940
5411 5250
112 3138
491 5969
2850 740
140 5983
1656 805
670 4663
4091 4659
1470 4340
805 2148
4387 4074
965 309
3272 596
2944 4760
4584 5246
4051 4346
4495 4514
1483 4985
4483 4684
77 4974
4667 1732
130 5688
747 4221
4698 2216
2912 5502
4715 1298
3928 5679
1607 1551
626 4902
663 5209
4147 4713
3555 2993
3579 5389
2330 2413
4073 2406
1386 3091
4489 1868
2778 5235
88 1827
1450 3351
1328 516
4648 5255
194 606
1158 1171
5508 1820
380 4006
884 4286
1351 4462
3674 3680
874 2098
437 2612
5540 4925
4479 2669
4160 4918
4495 5961
2268 5823
477 1267
5429 1022
2225 586
2193 2084
2405 2924
89 3289
1561 1439
2102 5586
5470 3328
1684 5906
5939 1575
4831 4769
4244 3342
4038 3090
3302 657
2912 4130
1923 2693
5504 4499
3630 2048
582 387
4971 1023
4027 883
2813 128
468 2283
3455 2503
2540 3745
4078 1370
2865 2673
4711 902
5762 2365
1558 3026
846 3833
5718 349
2331 3699
2748 2913
4085 1718
4287 2111
2600 1099
2591 3420
3733 397
5922 273
4494 3999
1994 1358
1023 1057
2260 785
3421 4169
3810 4618
2001 3879
4967 4332
1577 2066
1596 14
3784 5882
2476 735
1332 5066
4154 5065
5815 4428
5337 4308
2426 1682
17 3801
2738 2276
4585 158
797 2394
5128 2797
624 4446
1480 2552
511 3427
2565 4646
3308 5041
5733 4992
4458 4238
4056 4272
2665 3744
2931 5443
5425 2948
3243 2163
5575 1827
2672 371
4572 1799
3520 5547
596 4999
2098 1107
2426 4663
5752 85
4055 5484
5076 2512
3722 3131
1136 386
1226 4066
180 1003
1013 3422
3517 588
5248 188
1310 4171
2339 4829
3717 2934
3828 5815
4392 253
4829 4144
689 2883
3627 5765
5394 1700
3247 529
2438 4825
4947 2617
5827 5959
39 3343
898 5638
3882 2208
4161 572
1036 1877
3858 4863
2043 2249
5467 871
392 508
3753 4371
272 3499
422 3870
4027 2859
2694 2973
5476 2520
3284 5866
5862 4181
5503 4096
740 4015
4667 1776
5892 2524
990 1934
5125 809
3157 5516
1316 909
4238 1939
4407 5012
5808 2786
1870 2502
110 1697
5021 3745
1914 5235
2278 1769
3330 3017
5783 2348
4792 26
4872 134
1960 3996
942 5468
3863 2609
376 2453
4547 5135
1464 4354
2272 3685
855 2733
5734 228
478 1999
5462 2755
3767 3143
5771 3902
5490 4915
3927 4361
5048 238
2708 341
5705 923
2949 433
3375 1495
5567 5190
200 2190
3226 1055
4922 3311
1634 5751
5310 1095
2857 3428
4237 2628
1329 3726
1894 5256
2439 1293
5493 5498
1985 5550
420 4933
5982 4146
779 5900
3687 1330
2089 913
2736 1362
4575 4369
1465 4236
5463 4321
1664 4051
1300 3344
2129 3193
2951 4567
4837 2444
4416 821
1993 4836
105 2326
2981 1235
2225 1020
2565 4313
1932 5300
26 858
4021 1490
5094 3835
5811 1109
1886 1110
4452 4014
4655 1403
2932 3843
4198 1347
4664 542
534 5120
2867 3867
355 5443
4886 3271
3755 1169
2922 4132
2026 942
5622 1119
4777 5432
2579 1014
893 1383
5027 5899
2785 2310
3742 1334
4008 2405
2227 4542
1876 5445
2408 2230
4887 1293
5852 2993
2461 2774
1124 4838
4067 745
309 2843
528 2887
4208 1773
4269 3234
1671 1405
5895 5412
3090 3903
2168 5668
2796 4044
5112 5555
625 4350
1199 829
1342 4011
3602 2818
2848 1668
3914 3156
4863 4794
395 3070
566 4663
656 2588
420 902
2352 3509
5156 4871
3177 1951
3266 2640
1857 3891
1342 3055
5071 3035
1417 2672
5852 4265
4691 4118
1772 3905
2911 2166
1327 3828
1181 1982
415 1952
3235 2766
5460 2391
1989 2988
4693 5254
5980 550
3496 1321
3956 2566
4707 5373
5589 4559
3989 4280
3028 5760
2536 5938
2278 3862
3765 3810
195 4531
5761 3430
1649 5220
172 3637
2560 4864
2890 2891
5765 738
4563 3721
3303 3269
3445 2892
2179 1433
1523 5206
1544 4058
5495 3821
2272 3259
1630 2466
1790 1390
247 3790
962 418
1426 3873
5282 4667
763 5046
5404 5325
3118 3059
2945 914
302 5124
2346 1824
4681 4242
233 4176
2414 2504
1434 4396
5322 3575
5785 5568
1364 1098
5986 3141
4970 5619
1808 84
5016 1563
5760 2486
4621 2705
3399 4922
2180 97
1097 860
4338 1682
5035 751
4537 821
5146 3858
4747 5283
3778 111
732 3763
3603 54
3733 5410
137 2748
973 249
5233 5593
2953 2984
4867 5484
3080 5963
343 1417
1644 5730
2519 181
550 2017
4390 5296
1299 2167
5758 2382
281 3713
2435 4013
3122 2572
1113 4446
2820 697
4391 124
3680 3257
5607 759
3571 301
2527 5567
30 5398
99 931
1414 4488
579 3064
1007 688
5445 1287
4400 1880
5652 1874
4803 1116
319 1622
1812 4709
2097 5844
2317 1703
602 240
2003 3481
5806 2385
2878 256
3315 4643
4743 3893
1706 101
4933 1502
1388 3332
3381 1391
5205 2535
2506 5524
4508 4669
4584 604
4512 1253
2658 5466
1492 4661
2946 1649
1397 175
1904 5063
4817 998
2956 874
1099 2240
2375 2838
5571 108
4228 4776
2642 1085
4651 1150
5753 3586
2105 4265
5190 4763
3730 681
3775 675
2681 5171
1201 4584
4233 17
5582 1540
1242 1032
3779 3616
3869 3350
4075 2096
2477 1069
3180 1479
2570 2932
5416 4674
1548 4606
3436 5277
5638 1562
303 2319
732 1503
902 5317
1871 835
856 3112
2218 4987
1080 86
2336 5154
2181 5164
574 5712
994 3143
2996 409
2169 4543
5014 5956
4172 4652
1518 4474
970 2601
329 2223
1917 2551
3410 3125
5663 5627
2111 1094
5713 4798
599 2245
3961 1173
2309 5306
4667 5304
5714 1187
3846 5080
1143 2369
3731 3012
843 5052
5612 1523
1626 1881
4073 5387
5005 4087
5366 1115
5180 5430
5912 5779
1674 4224
1303 3982
3529 5969
3637 3594
1156 1483
2673 2650
3851 755
13 5045
158 5976
919 2136
1856 5344
1522 860
3782 1239
2326 3314
668 2589
3092 2694
1164 4746
675 5044
5066 4312
2638 221
146 5662
3222 4348
417 3234
3745 926
3562 5015
3061 5417
4358 4935
629 2492
173 3306
5805 841
5895 3248
3534 1410
1993 4560
454 1058
3223 3091
1631 3720
2752 4852
2420 3520
2438 164
4446 5999
5530 1858
5767 4240
792 395
731 1317
4053 535
2157 3947
3782 42
5356 126
4601 5809
1183 2176
3251 2813
5895 355
2017 2666
3874 4806
3181 2671
5156 2711
4529 5274
950 5320
21 2032
636 4073
2918 3144
2019 1051
3185 1726
1176 2138
1887 2358
4665 5489
5523 4911
5843 1891
1577 3717
1048 4757
387 203
1819 5267
5476 3120
4939 5496
5151 5926
3568 2068
3070 5938
3118 606
2016 4645
3095 4254
1355 2111
3742 877
1022 3585
3119 2598
1653 4166
1706 2391
4720 3877
1658 4547
996 596
4043 147
521 1962
2566 3942
2252 36
4900 4619
4680 2346
2872 386
4457 965
1262 5478
4901 4732
2427 553
2897 4484
3296 1616
2360 4953
163 3356
5900 4557
3854 772
870 419
4714 3473
806 3965
2443 5838
310 5666
223 4766
631 1837
4595 5531
568 1373
436 3817
5857 3731
5784 2568
3035 298
275 2934
4854 4128
3705 76
4899 2770
3900 56
1086 343
5893 1396
8 116
513 990
2304 5460
873 2871
832 1660
1039 1040
5390 823
3960 2776
1120 4234
5709 326
2714 3765
401 1964
887 4652
2019 1972
4994 1912
3719 5354
2379 4584
343 4682
4043 1567
1904 5226
3226 2943
618 2967
3765 4929
5742 4884
3162 5802
5209 227
3919 5961
2190 5157
4613 4209
1128 3958
472 5199
3663 2850
3782 4358
1883 2176
5924 3786
1753 3150
1080 2370
468 5196
1650 562
4080 4812
363 3640
5038 4633
3953 1580
3789 2917
5788 5269
1226 259
4467 4889
3460 2600
3246 5342
5127 3521
3479 879
1022 4559
3601 1490
3754 5250
2051 2185
4413 2765
177 3803
1398 4129
5382 5186
1397 5521
4806 2622
5779 3272
1862 3238
223 5107
2931 5349
2628 409
580 3649
4967 4532
5490 3073
3781 1540
5609 2546
4657 5785
348 54
4265 81
5591 5661
5601 4397
2635 5379
2020 4496
2968 2595
3955 5898
1943 934
658 2874
4934 5625
1405 4424
3049 5538
315 2657
2083 4971
2794 2782
5024 1058
2862 4967
1071 2462
3363 3705
2192 5382
2552 5511
1976 506
5408 4271
1439 417
1496 725
41 3253
5148 3441
2790 5814
450 5224
4785 3243
2005 4160
4300 5218
3126 5370
2031 840
3426 4574
574 5978
4084 2901
835 3843
1523 2274
4259 3019
3350 4652
271 2497
2092 3412
2662 2893
2987 1446
135 5343
5958 4787
4560 3435
4508 942
4627 1934
5515 5200
1911 3598
2100 3097
1792 3623
5722 50
993 3071
5053 1263
5567 1497
5026 2229
4389 2012
4026 4524
1354 4335
3310 5913
1770 1817
1206 396
4102 720
5947 364
4669 2046
3461 460
20 3182
509 1012
253 5914
2626 171
1410 1651
2751 5798
3662 1129
4673 5367
5463 2334
5279 1584
4503 836
2331 2604
1555 2277
2968 223
4675 780
682 5046
3961 1543
58 4565
1456 2683
4736 2865
4686 1838
3014 2699
2966 1687
2066 2429
4020 1696
4012 2874
2532 695
5478 4086
2971 2797
4309 1997
3928 5342
1043 1888
1236 1452
805 2691
4486 5892
5907 3171
1729 3273
5870 4695
4959 1935
1475 3330
3982 5838
204 513
532 33
4599 3855
3181 3259
5851 1108
2952 1245
3347 4188
2696 4151
1230 1182
4042 1489
4704 123
4761 4925
4817 4071
859 291
1400 5193
480 1955
5705 1012
2339 4655
4866 5519
1913 5068
626 4865
313 3973
3404 3360
2475 4633
4541 517
121 3597
639 4881
2521 5807
2951 3732
449 4703
2924 928
1009 2628
2291 3348
1283 1156
3218 3547
224 3844
2763 888
2168 166
4247 4642
5151 3140
5510 5271
736 500
4504 3256
658 1806
987 1106
860 4262
2386 1869
890 4676
5568 2524
184 2785
70 407
980 3185
1646 3499
3702 5892
2141 2852
3383 2002
2475 4118
2854 1330
1726 3511
3135 3064
4969 3995
1326 1354
215 2567
381 5782
5442 564
2918 5863
1322 3898
3047 2967
1396 749
3211 3888
3952 593
242 426
5063 3095
2107 1140
957 5242
4555 5925
3588 232
1630 3802
3150 2011
3935 2591
2574 852
2454 3896
4749 5852
1214 497
952 4424
4736 4904
5369 4977
5681 4783
2423 1788
274 3380
1381 4828
3656 4968
5060 5286
3121 2561
1648 1055
5152 4221
1906 1605
2468 1007
1808 4034
1855 2760
2457 590
2015 2177
5919 1695
1311 2693
3834 1584
72 5214
412 4080
4533 5823
3717 1653
2383 5364
2707 1886
3936 4613
3842 756
5971 5650
4789 1825
2409 1245
2766 4775
3774 2684
469 5084
5729 4655
668 152
3868 1431
4231 2401
1605 1947
4405 4339
1310 1112
225 5246
76 4066
1 46
3715 5141
2222 475
385 4987
5601 4510
2023 70
3946 2103
5076 4613
2254 3295
395 485
47 2351
2431 4452
689 4093
5563 913
3690 5638
5331 4042
35 3045
3182 2608
3872 3918
1946 3472
2428 4320
3893 373
422 2968
5337 2676
615 83
3160 661
2433 5942
5112 3121
4034 4674
4034 2075
4663 3716
116 5049
760 3297
1656 4983
1567 3954
2807 3994
2273 1051
4718 2695
4371 4406
5722 4985
4488 2881
5645 920
3174 4757
4392 1560
3782 2777
3634 2797
492 4102
1845 1604
1750 3853
586 3316
1806 3744
1661 4078
4795 378
1124 3165
5135 845
2501 3622
4077 2145
4893 1251
1253 3285
3162 5387
61 795
2183 553
5248 4379
2156 998
2231 3093
4313 4388
837 5974
2818 5983
703 3941
3499 5838
5138 5999
3811 3566
2495 2704
4816 3748
5988 2329
3486 48
3476 5668
952 2723
4046 3107
3720 629
200 2385
5016 1388
2710 2185
1370 3764
126 4868
3953 5615
4866 1764
3180 1360
4467 2348
5459 4806
4676 2944
5205 2151
2963 157
5226 1361
3615 3297
2341 3814
33 1708
5553 2742
3893 922
858 4370
5789 4810
3984 5006
573 1163
718 5391
3862 528
4548 2538
3472 3753
5040 786
4261 4617
2498 1875
1914 4838
41 1946
546 5593
5040 4438
515 5897
2807 655
4706 1142
5661 5631
2656 378
5373 518
905 4273
3407 4728
2377 2798
5866 637
1415 2363
2863 3680
1553 2903
5977 2098
2496 5016
887 3362
4912 4045
4016 3970
5186 4028
3952 1841
4757 3676
2710 14
2300 116
5093 4676
3266 4958
5312 4680
1673 2175
2711 3225
5429 2687
5674 2276
1703 560
5637 966
4956 4005
5287 4141
2032 3590
333 1141
1618 3043
1154 3917
3510 598
2593 775
5908 2256
5454 1580
4782 2164
5156 4211
5203 4829
486 905
5740 475
1870 4695
4479 1509
3187 862
5098 3519
2002 715
913 3507
4984 4423
4105 1576
5197 4012
4183 5003
5943 2965
1518 5450
1527 720
4630 2012
1624 4369
2838 3846
3415 1316
5706 601
2530 4803
4471 4883
5870 5384
2390 4853
3806 846
780 3002
5209 4962
2356 5151
2278 3874
4600 3804
4593 3229
5816 569
1949 3005
4766 5715
4321 4471
315 850
3625 4785
5732 3846
4520 2473
3050 2325
3318 3829
5679 2878
3143 2034
2028 5420
259 979
3224 4852
4559 3391
5772 859
395 4537
573 5067
3359 1239
268 1335
376 352
5181 4895
2824 2230
1220 494
411 1250
3371 3553
3283 5751
2972 3894
1081 547
2745 5992
3937 2868
850 4684
1756 1775
3750 5114
3013 4018
448 3388
4369 5980
2635 1544
2562 3854
2037 2972
5455 5760
876 3089
5862 4199
982 942
4746 4078
1285 3034
945 2487
1717 2700
4261 5467
2165 1273
3484 2965
5013 2204
3296 1647
3747 5857
5852 5784
3180 5658
5895 4055
2746 5756
2254 3728
1049 1351
1805 2686
4384 3102
5172 101
153 3432
5567 2670
5056 3402
5634 4420
5605 3281
418 3351
3138 269
3486 317
5926 3732
4372 3024
3839 977
751 4888
2327 2907
1925 710
360 1096
1162 513
4879 728
3534 3934
4481 3519
2706 4437
799 3123
2140 3936
3744 5625
4605 4021
3709 3328
1044 1547
4304 2146
786 982
5053 2710
1691 5764
3805 2853
628 2683
3932 4161
969 2765
1679 3674
1201 2830
1148 3340
1117 4891
3317 5721
2912 1025
3400 3955
2571 2055
453 3709
3036 5505
418 5079
5620 4223
2283 248
1257 214
4760 2577
3330 439
602 4531
3620 1750
2222 4736
992 5538
4809 3903
914 2208
2210 3837
4263 2662
1545 1298
2518 2314
376 2489
888 2658
2736 2145
3224 1496
5073 553
2286 5675
5435 5905
1424 2009
4992 2415
1898 3800
670 2812
360 3231
1000 4622
244 2896
271 3113
5209 999
5601 97
3656 2689
2593 1231
4184 1665
2136 821
1691 1922
1077 3114
3930 420
5881 180
4220 902
3343 4931
4484 4342
3552 4727
1237 4174
1839 797
5172 1791
1245 3180
4479 3837
4762 3014
5854 897
4186 1544
3171 5262
5010 1452
34 4890
1631 4605
143 4973
3535 4626
3314 1086
3704 4902
5611 5894
51 4783
1684 1295
2314 515
5132 1075
3528 4985
2324 2066
880 5494
1679 5889
945 1712
5130 2576
316 5272
1900 3850
4249 5214
5287 1952
4467 4898
2197 4517
4032 4233
5812 345
4747 5295
1771 2626
4279 4094
4691 5158
3939 370
5399 4884
2081 4528
1811 2397
3800 3710
598 2400
3275 5885
4352 2094
5134 900
610 3165
5132 773
3861 3878
67 5631
504 4697
4077 5546
4207 2015
5915 3605
1250 2348
2132 3060
4744 5931
1122 5693
2683 4748
5577 1034
841 4710
1933 1451
2226 1417
2223 86
5294 2642
69 149
1338 4145
5695 5544
159 5609
3148 1409
1956 5280
4820 1051
5562 293
744 2244
5041 672
3629 5881
5382 5914
1683 1959
1330 4258
2045 975
899 2113
1124 2236
257 818
2132 767
778 5279
2175 3086
4910 1347
4136 4824
1639 5231
1067 1031
5903 5048
1264 5636
5313 3298
1594 642
1555 3638
1968 2805
102 3091
5393 710
4260 1524
1477 5038
802 4003
2123 64
5349 610
4887 1340
5841 305
2370 5743
5352 3985
5730 4664
1283 1323
5657 2837
5313 1625
5994 5414
5067 5386
124 3327
909 1952
2716 2062
5954 5190
2125 5655
5799 1363
994 5991
1668 3715
85 1019
2052 5814
35 3334
1489 43
522 801
2019 515
566 1086
5900 1041
4764 1160
2992 1831
3574 2946
1372 50
2952 1522
1413 4297
1513 3080
2011 1949
4450 4414
2115 4836
1747 3603
4879 2269
4403 1249
3135 4968
2686 3387
9 1449
4898 3352
3631 2471
649 5002
2521 3600
524 4285
1896 2388
1716 4259
4336 165
2672 450
5353 4419
4404 4583
1039 2806
5831 4525
2126 2517
1911 2486
4317 809
5837 2300
3279 486
1301 151
4085 2176
4435 333
4915 150
4591 3603
667 1262
4404 371
32 2808
4953 1070
5965 5135
5947 2090
1651 1857
